60
31074
0.500422
661
0.753846
2
37280
0.498244
704
0.941667
2
91649
0.445694
1169
1.090361
2
45675
0.532810
818
0.640244
2
54415
0.477759
900
1.376068
2
24627
0.396265
575
0.891089
2
38243
0.482679
726
0.769784
2
30696
0.380656
673
1.009615
2
81337
0.479081
1076
0.698113
2
35175
0.517457
691
0.626761
2
15677
0.309550
460
1.107692
2
45308
0.374711
788
0.863636
2
20125
0.374507
509
0.797872
2
61303
0.458107
960
0.853801
2
48992
0.510125
870
0.779874
2
29899
0.312763
644
1.258824
2
46012
0.354565
849
1.333333
2
27459
0.449144
614
0.834862
2
49806
0.569858
868
0.750000
2
42184
0.541790
799
0.691824
2
90869
0.370031
1143
0.726316
2
49008
0.449537
835
0.925170
2
24653
0.347866
599
1.256757
2
38804
0.479989
733
0.766423
2
55864
0.348905
884
0.923077
2
81470
0.431087
1062
0.718750
2
85798
0.515627
1225
0.956044
2
70817
0.467401
1058
1.447155
2
24410
0.490129
595
0.672414
2
84192
0.434458
1062
0.930636
2
24090
0.350257
565
0.861386
2
81626
0.392384
1112
1.183544
2
82155
0.451017
1174
1.089820
2
34773
0.308818
709
1.247312
2
41478
0.264767
769
0.983193
2
67936
0.410517
1012
0.752688
2
26519
0.434261
611
1.209302
2
68331
0.322867
994
1.184397
2
23899
0.410131
567
0.896907
2
73439
0.515271
1028
0.977012
2
25385
0.373363
614
1.240506
2
67707
0.444781
986
0.783333
2
87181
0.475322
1156
0.937143
2
66370
0.418457
1018
1.228571
2
71959
0.415984
1011
1.236111
2
49385
0.568517
896
0.797546
2
24864
0.418290
567
0.910000
2
25913
0.394504
591
1.125000
2
90889
0.496792
1192
1.039773
2
15689
0.400746
448
0.906667
2
54069
0.314991
867
1.292035
2
54263
0.442061
873
0.775000
2
21242
0.265454
550
1.146667
2
40373
0.356055
797
1.034783
2
92682
0.510595
1161
0.702326
2
15614
0.349742
464
1.075758
2
86906
0.461420
1123
0.959538
2
55806
0.373231
908
1.253968
2
54835
0.400505
884
1.171875
2
92025
0.468023
1125
0.885000
2
