55
12294
0.752210
708
2.187500
2
12846
0.746596
764
2.872093
2
4958
0.755682
578
1.205128
2
8183
0.768737
643
1.139073
2
5046
0.724140
402
2.614035
2
18258
0.603437
727
1.864000
2
9964
0.774052
703
1.131737
2
12973
0.689800
579
2.295918
2
14700
0.614192
755
1.954128
2
14046
0.750488
757
2.595960
2
6999
0.649380
485
1.345794
2
12679
0.716830
885
1.880342
2
8569
0.689537
522
2.178571
2
14145
0.661628
738
2.285714
2
7922
0.757787
526
2.518987
2
7558
0.672339
548
1.373913
2
5395
0.781500
430
3.203704
2
14254
0.689202
684
2.254902
2
10166
0.735968
734
1.100592
2
7334
0.810508
555
3.540984
2
6751
0.742570
556
1.050360
2
13797
0.719557
657
2.434343
2
9005
0.768366
595
2.494253
2
8135
0.757285
516
2.680000
2
11159
0.769671
596
2.880952
2
4298
0.728829
414
1.971014
2
13432
0.730698
630
2.557895
2
6123
0.753952
544
0.952055
2
12494
0.694460
575
2.428571
2
8980
0.722348
523
2.897059
2
6637
0.731271
489
2.819672
2
14238
0.739900
770
2.625000
2
7035
0.753336
527
1.601852
2
13962
0.673998
586
2.389474
2
14146
0.616817
598
1.926605
2
12992
0.722403
618
2.644444
2
5898
0.676391
518
1.647727
2
10829
0.761468
626
2.925000
2
12592
0.750774
789
2.308411
2
12632
0.762352
723
2.691489
2
5462
0.707345
456
1.505376
2
11610
0.755912
584
2.747126
2
7708
0.779623
554
3.153846
2
12729
0.712898
648
2.814815
2
11520
0.721508
577
2.686747
2
12576
0.770203
668
3.172839
2
14395
0.718009
722
2.556701
2
10119
0.727229
697
2.208333
2
14231
0.767868
664
3.011111
2
18305
0.641952
728
2.075630
2
12687
0.773587
752
2.888889
2
5263
0.781712
449
3.288461
2
5716
0.760593
549
1.771739
2
6837
0.722590
493
2.457143
2
11922
0.742996
608
2.807229
2
